function [k]=kc(t);
k=7.51+2.09E-2*t-1.45E-5*t^2+7.67E-10*t^3;

tk=t+273.15;
k=7.51e+0+tk*(2.088e-2+tk*(-1.45e-5+tk*7.668e-9));
%k=10;